     Doodson #          Ampl     Freq (cph)   Per (hrs)

  0  0  0   0  0  0    .73807        0.          -
  0  0  0   0  1  0    .06556    .61290E-05 163158.0156
  0  0  1   0  0 -1    .01156    .11407E-03   8766.2305
  0  0  2   0  0  0    .07281    .22816E-03   4382.9062
  0  0  2   0  1  0    .00180    .23429E-03   4268.2485
  0  0  3   0  0 -1    .00426    .34223E-03   2921.9841
  0  1 -2   1 -1  0    .00113    .13037E-02    767.0760
  0  1 -2   1  0  0    .01579    .13098E-02    763.4865
  0  1 -2   1  1  0    .00103    .13159E-02    759.9304
  0  1  0  -1 -1  0    .00542    .15060E-02    664.0012
  0  1  0  -1  0  0    .08254    .15122E-02    661.3098
  0  1  0  -1  1  0    .00536    .15183E-02    658.6403
  0  1  0   1  0  0    .00441    .15379E-02    650.2204
  0  1  0   1  1  0    .00180    .15441E-02    647.6395
  0  1  2  -1  0  0    .00115    .17403E-02    574.6104
  0  2 -1   0  0  0    .01369    .29360E-02    340.5982
  0  2  0  -2  0  0    .00676    .30243E-02    330.6549
  0  2  0   0  0  0    .15647    .30501E-02    327.8591
  0  2  0   0  1  0    .06483    .30562E-02    327.2016
  0  2  0   0  2  0    .00606    .30623E-02    326.5468
  0  3 -2  -1  0  0    .00217    .43341E-02    230.7294
  0  3 -2   1  0  0    .00569    .43599E-02    229.3646
  0  3 -2   1  1  0    .00236    .43660E-02    229.0426
  0  3  0  -1  0  0    .02996    .45622E-02    219.1905
  0  3  0  -1  1  0    .01241    .45684E-02    218.8965
  0  3  0  -1  2  0    .00115    .45745E-02    218.6032
  0  4 -2   0  0  0    .00478    .58720E-02    170.2991
  0  4 -2   0  1  0    .00198    .58782E-02    170.1215
  0  4  0  -2  0  0    .00396    .60744E-02    164.6255
  0  4  0  -2  1  0    .00164    .60805E-02    164.4596

  1 -4  0   3  0  0    .00107    .34194E-01     29.2447
  1 -4  2   1  0  0    .00278    .34397E-01     29.0727
  1 -3  0   2 -1  0    .00180    .35700E-01     28.0110
  1 -3  0   2  0  0    .00955    .35706E-01     28.0062
  1 -3  2   0 -1  0    .00217    .35903E-01     27.8531
  1 -3  2   0  0  0    .01152    .35909E-01     27.8484
  1 -2  0   0  0  0    .00211    .37206E-01     26.8777
  1 -2  0   1 -1  0    .01360    .37212E-01     26.8728
  1 -2  0   1  0  0    .07217    .37219E-01     26.8684
  1 -2  2  -1 -1  0    .00258    .37415E-01     26.7274
  1 -2  2  -1  0  0    .01371    .37421E-01     26.7231
  1 -1 -2   2  0  0    .00113    .38528E-01     25.9550
  1 -1 -1   0  0  1    .00130    .38617E-01     25.8956
  1 -1  0   0 -2  0    .00218    .38718E-01     25.8275
  1 -1  0   0 -1  0    .07106    .38725E-01     25.8234
  1 -1  0   0  0  0    .37694    .38731E-01     25.8193
  1 -1  0   1  0  0    .00108    .38744E-01     25.8107
  1 -1  0   2  0  0    .00243    .38756E-01     25.8022
  1 -1  1   0  0 -1    .00109    .38845E-01     25.7435
  1 -1  2   0  0  0    .00493    .38959E-01     25.6681
  1 -1  2   0  1  0    .00107    .38965E-01     25.6641
  1  0 -2   1  0  0    .00278    .40040E-01     24.9748
  1  0  0  -1 -1  0    .00197    .40237E-01     24.8529
  1  0  0  -1  0  0    .01066    .40243E-01     24.8492
  1  0  0   0  0  0    .00660    .40256E-01     24.8412
  1  0  0   1  0  0    .02964    .40269E-01     24.8333
  1  0  0   1  1  0    .00594    .40275E-01     24.8295
  1  0  2  -1  0  0    .00567    .40471E-01     24.7091
  1  0  2  -1  1  0    .00124    .40477E-01     24.7053
  1  1 -3   0  0  1    .01028    .41439E-01     24.1321
  1  1 -2   0 -1  0    .00197    .41546E-01     24.0694
  1  1 -2   0  0  0    .17543    .41553E-01     24.0659
  1  1 -1   0  0 -1    .00147    .41667E-01     24.0000
  1  1 -1   0  0  1    .00416    .41667E-01     24.0000
  1  1  0   0 -1  0    .01051    .41775E-01     23.9380
  1  1  0   0  0  0    .53011    .41781E-01     23.9345
  1  1  0   0  1  0    .07186    .41787E-01     23.9310
  1  1  0   0  2  0    .00155    .41793E-01     23.9275
  1  1  1   0  0 -1    .00422    .41895E-01     23.8693
  1  1  2   0  0  0    .00755    .42009E-01     23.8045
  1  2 -2   1  0  0    .00567    .43091E-01     23.2070
  1  2 -2   1  1  0    .00113    .43097E-01     23.2037
  1  2  0  -1  0  0    .02964    .43293E-01     23.0985
  1  2  0  -1  1  0    .00587    .43299E-01     23.0952
  1  2  0   0  0  0    .00242    .43306E-01     23.0916
  1  3 -2   0  0  0    .00492    .44603E-01     22.4202
  1  3  0  -2  0  0    .00243    .44805E-01     22.3189
  1  3  0   0  0  0    .01624    .44831E-01     22.3061
  1  3  0   0  1  0    .01039    .44837E-01     22.3030
  1  3  0   0  2  0    .00218    .44843E-01     22.3000
  1  4  0  -1  0  0    .00311    .46343E-01     21.5782
  1  4  0  -1  1  0    .00199    .46349E-01     21.5754

  2 -4  2   2  0  0    .00111    .74665E-01     13.3931
  2 -3  0   3  0  0    .00259    .75975E-01     13.1622
  2 -3  2   1  0  0    .00671    .76177E-01     13.1273
  2 -3  4  -1  0  0    .00130    .76380E-01     13.0925
  2 -2  0   1  0  0    .00156    .77474E-01     12.9075
  2 -2  0   2  0  0    .02301    .77487E-01     12.9054
  2 -2  2   0 -1  0    .00104    .77683E-01     12.8728
  2 -2  2   0  0  0    .02776    .77689E-01     12.8718
  2 -2  3   0  0 -1    .00188    .77804E-01     12.8529
  2 -1 -1   1  0  1    .00147    .78885E-01     12.6767
  2 -1  0   0  0  0    .00569    .78986E-01     12.6604
  2 -1  0   1 -1  0    .00649    .78993E-01     12.6593
  2 -1  0   1  0  0    .17368    .78999E-01     12.6583
  2 -1  1   1  0 -1    .00163    .79113E-01     12.6401
  2 -1  2  -1 -1  0    .00123    .79195E-01     12.6270
  2 -1  2  -1  0  0    .03302    .79202E-01     12.6260
  2 -1  3  -1  0 -1    .00153    .79316E-01     12.6078
  2  0 -2   2  0  0    .00273    .80309E-01     12.4519
  2  0 -1   0  0  1    .00313    .80397E-01     12.4382
  2  0  0   0 -1  0    .03390    .80505E-01     12.4215
  2  0  0   0  0  0    .90809    .80511E-01     12.4206
  2  0  1   0  0 -1    .00277    .80625E-01     12.4030
  2  0  2   0  0  0    .00104    .80740E-01     12.3855
  2  1 -2   1  0  0    .00670    .81821E-01     12.2218
  2  1  0  -1  0  0    .02567    .82024E-01     12.1916
  2  1  0   0  0  0    .00525    .82036E-01     12.1897
  2  1  0   1  0  0    .00643    .82049E-01     12.1878
  2  1  0   1  1  0    .00283    .82055E-01     12.1869
  2  1  2  -1  0  0    .00123    .82252E-01     12.1578
  2  2 -4   0  0  2    .00101    .83105E-01     12.0329
  2  2 -3   0  0  1    .02476    .83219E-01     12.0164
  2  2 -2   0  0  0    .42248    .83333E-01     12.0000
  2  2 -1   0  0 -1    .00355    .83447E-01     11.9836
  2  2  0   0 -1  0    .00147    .83555E-01     11.9681
  2  2  0   0  0  0    .11498    .83561E-01     11.9672
  2  2  0   0  1  0    .03426    .83568E-01     11.9664
  2  2  0   0  2  0    .00372    .83574E-01     11.9655
  2  3 -2   1  0  0    .00123    .84871E-01     11.7825
  2  3  0  -1  0  0    .00643    .85074E-01     11.7545
  2  3  0  -1  1  0    .00280    .85080E-01     11.7537
  2  4 -2   0  0  0    .00107    .86383E-01     11.5763
  2  4  0   0  0  0    .00169    .86612E-01     11.5458
  2  4  0   0  1  0    .00146    .86618E-01     11.5450

  3 -1  0   1  0  0    .00326    .11925E+00      8.3854
  3  0  0   0  0  0    .01188    .12077E+00      8.2804
  3  2  0   0  0  0    .00155    .12382E+00      8.0764
